"Timestamp","User Count","Type","Name","Requests/s","Failures/s","50%","66%","75%","80%","90%","95%","98%","99%","99.9%","99.99%","99.999%","100%","Total Request Count","Total Failure Count","Total Median Response Time","Total Average Response Time","Total Min Response Time","Total Max Response Time","Total Average Content Size"
"1613948182","1","","Aggregated",0.00,0.00,"N/A","N/A","N/A","N/A","N/A","N/A","N/A","N/A","N/A","N/A","N/A","N/A",0,0,0,0,0,0,0
"1613948184","2","","Aggregated",0.00,0.00,79,79,79,79,79,79,79,79,79,79,79,79,4,0,79,100,73,128,13432
"1613948186","2","","Aggregated",2.00,0.00,79,79,81,81,81,81,81,81,81,81,81,81,6,0,79,93,73,128,13432
"1613948188","2","","Aggregated",1.33,0.00,79,79,81,81,86,86,86,86,86,86,86,86,9,0,79,88,71,128,13431
"1613948190","2","","Aggregated",1.50,0.00,79,79,81,83,86,86,86,86,86,86,86,86,12,0,79,86,71,128,13432
"1613948192","2","","Aggregated",1.43,0.00,79,79,81,81,83,86,86,86,86,86,86,86,14,0,79,84,71,128,13432
"1613948194","2","","Aggregated",1.33,0.00,79,81,83,83,86,89,89,89,89,89,89,89,16,0,79,84,71,128,13432
"1613948196","2","","Aggregated",1.20,0.00,79,83,85,85,86,89,89,89,89,89,89,89,18,0,79,84,71,128,13432
"1613948198","2","","Aggregated",1.20,0.00,79,83,85,85,85,89,89,89,89,89,89,89,21,0,79,83,71,128,13432
"1613948200","2","","Aggregated",1.20,0.00,77,81,85,85,85,89,89,89,89,89,89,89,23,0,79,82,71,128,13432
"1613948202","2","","Aggregated",1.10,0.00,77,81,85,85,85,89,89,89,89,89,89,89,25,0,79,82,71,128,13432
"1613948204","2","","Aggregated",1.10,0.00,77,79,85,85,85,93,93,93,93,93,93,93,28,0,79,82,71,128,13432
"1613948206","2","","Aggregated",1.10,0.00,77,79,80,80,81,93,93,93,93,93,93,93,31,0,79,82,71,128,13432
"1613948208","2","","Aggregated",1.20,0.00,77,79,79,80,81,93,93,93,93,93,93,93,34,0,79,81,71,128,13432
"1613948210","2","","Aggregated",1.30,0.00,79,79,79,80,81,93,93,93,93,93,93,93,36,0,79,81,71,128,13432
"1613948212","2","","Aggregated",1.30,0.00,79,80,80,81,87,93,93,93,93,93,93,93,39,0,79,81,71,128,13432
"1613948214","2","","Aggregated",1.30,0.00,79,80,87,87,140,160,160,160,160,160,160,160,41,0,79,84,71,163,13432
